%创建一个2x3x2的数组
x(:,:,1) = [1 2 3; 4 5 6];
x(:,:,2) = [7 8 9; 10 11 12];
%访问多维数组
y = [1 2 3;4 5 6;7 8 9];
%y(5)
%MATLAB数组的子集可以作为独立数组来使用
arra1 = [1.1 -2.1 3.3 -4.4 5.5];
% arra1(3)
% arra1([1 3 5])
% arra2  = [1 2 3;-2 -3 -4;3 4 5];
% arra2(1, :)
% arra2(:, [1 3])
%函数end
y = arra1(2:end);
%y
%在赋值语句左侧使用子数组
arr4 = [1 2 3 4; 5 6 7 8; 9 10 11 12];
arr4([1, 3],[1 4]) = [21 22;23 24];
%arr4
%将标量赋值给子数组
arr4([1 2],[1 2]) = 1;
%arr4
%特殊值
